0.90
0.08
0.49
1.32
1.99
2.46
2.78
2.92
2.86
2.62
2.25
1.81
1.39
1.04
0.82
0.74
0.80
0.99
1.26
1.57
1.87
2.11
2.26
2.31
2.25
2.10
1.90
1.67
1.47
1.30
1.21
1.19
1.24
1.35
1.49
1.65
1.80
1.91
1.97
1.98
1.94
1.85
1.75
1.63
1.53
1.46
1.42
1.42
1.45
1.51
1.59
1.67
1.74
1.80
1.82
1.82
1.79
1.74
1.68
1.63
1.58
1.54
1.53
1.53
1.56
1.59
1.63
1.67
1.71
1.73
1.74
1.73
1.71
1.69
1.66
1.63
1.61
1.59
1.59
1.59
1.61
1.63
1.65
1.67
1.68
1.69
1.70
1.69
1.68
1.66
1.65
1.64
1.63
1.62
1.62
1.62
1.63
1.64
1.65
1.66
1.67
1.67
1.67
1.67
1.66
1.66
1.65
1.64
1.64
1.63
1.63
1.64
1.64
1.65
1.65
1.66
1.66
1.66
1.66
1.66
1.66
1.65
1.65
1.64
1.64
1.64
1.64
1.65
1.65
1.65
1.65
1.66
1.66
1.65
1.65
1.65
1.65
1.65
1.65
1.65
1.65
1.65
1.65
1.65
1.65
1.65
1.65
1.65
1.65


